#Word	VAL_M	ARO_M	CON_M	IMA_M	AVA_M	FAM_M
abandono	1.09	7.85	4.52	3.70	3.95	5.65
abanico	5.64	3.57	5.64	6.86	4.67	5.15
abeja	2.90	7.14	6.86	6.77	5.78	5.48
abejorro	3.40	6.95	6.59	6.35	4.96	4.32
abismo	2.95	6.55	3.75	3.90	4.35	4.74
abnegación	3.90	4.91	2.18	1.45	1.96	1.77
abogada	5.05	4.95	5.57	5.80	5.18	5.61
aborto	2.50	6.90	5.75	3.30	5.00	6.14
abrigo	4.40	3.75	4.33	6.96	6.00	6.71
abstinente	3.45	3.64	4.52	2.09	2.74	3.15
absurdo	4.05	4.23	3.23	1.86	3.14	5.64
abuela	8.20	2.20	5.86	6.75	6.73	6.67
abuso	1.71	7.20	3.60	3.14	5.59	5.40
accidente	1.52	7.50	4.20	5.73	6.35	5.90
acción	6.43	6.95	2.05	3.81	4.45	6.45
acelerador	5.90	6.64	5.86	4.73	5.09	5.86
acento	5.23	4.77	3.30	4.33	5.50	5.80
aceptación	8.35	5.36	2.95	3.29	3.35	5.85
acera	4.96	3.90	6.32	6.36	5.77	6.33
acidez	4.09	6.14	4.91	2.70	3.91	4.96
ácido	4.00	6.80	5.10	3.59	4.95	5.73
acierto	7.80	5.45	4.52	3.30	4.83	6.00
acoso	1.43	7.95	3.09	3.13	4.18	5.00
acre	4.91	3.65	4.40	2.10	1.14	1.77
activar	5.73	6.36	3.87	3.04	3.64	5.15
acto	5.83	6.19	3.23	1.91	4.40	5.41
acuerdo	6.57	4.00	3.15	3.32	4.32	5.75
ademán	5.10	3.50	3.23	2.85	1.32	3.32
adicción	2.61	6.85	3.82	3.86	4.86	5.48
adiós	2.21	4.76	5.86	3.73	6.20	6.82
admiración	7.50	5.80	2.80	2.43	5.17	5.05
admirado	6.95	6.68	3.74	4.17	4.86	5.24
adolescente	5.91	5.64	6.00	5.62	6.32	6.73
adopción	5.25	5.48	4.60	3.20	5.70	5.64
adoración	7.00	3.14	2.23	3.36	4.61	4.05
adulterio	3.45	7.59	5.27	4.00	3.61	3.95
adversario	4.00	6.41	3.85	3.38	4.68	5.10
aeropuerto	6.38	5.29	6.55	6.65	6.50	6.18
afortunado	7.45	5.25	4.40	3.50	4.85	5.60
agente	4.57	5.05	3.80	5.55	5.15	5.43
agobiado	2.24	7.10	4.78	3.96	5.73	6.60
agresividad	1.77	7.15	4.78	4.61	5.04	5.90
agresivo	2.00	7.62	5.09	4.74	5.27	5.65
agricultor	5.57	3.87	5.64	6.05	5.05	6.00
aguanieve	5.71	3.33	6.30	5.19	3.73	4.70
aguardiente	4.73	5.25	6.41	5.91	4.33	4.90
agudo	4.70	5.14	3.50	1.82	2.85	5.19
aguijón	2.45	7.00	5.82	5.75	3.63	3.67
águila	5.40	4.90	6.80	6.85	5.00	5.67
aguja	4.09	5.75	5.77	6.86	6.14	6.00
ahogarse	1.75	7.90	5.17	5.70	5.41	4.90
aislamiento	1.82	4.50	3.00	3.13	3.79	4.55
ajedrez	4.86	3.27	6.18	6.91	5.40	5.20
albergue	5.96	5.24	6.05	5.32	6.00	5.00
alcaldesa	4.38	5.00	6.38	3.60	4.18	5.64
alfiler	4.27	4.80	6.43	6.90	4.32	5.00
alianza	6.83	4.65	4.36	6.05	4.55	4.75
aliento	4.65	3.52	4.81	2.50	5.45	5.67
alivio	7.59	1.60	2.95	2.85	5.27	5.55
alma	6.64	3.45	2.38	2.90	4.32	5.70
altercado	2.50	7.09	2.90	3.45	3.30	4.39
aluminio	4.32	3.40	5.29	5.14	4.21	4.90
alumno	5.42	4.65	5.38	5.95	6.55	6.76
amabilidad	7.77	3.75	4.05	2.80	5.38	6.50
amado	8.23	5.59	3.80	4.00	5.30	5.23
amante	4.95	6.09	4.76	4.10	4.65	5.95
amargura	1.96	7.30	2.14	2.52	3.32	4.38
ambición	4.50	5.76	2.91	2.00	3.50	5.45
ambiente	5.95	2.65	2.71	2.77	4.91	5.62
ambulancia	2.65	6.82	6.80	6.85	6.35	6.32
ametralladora	2.60	7.30	6.55	6.30	4.39	4.57
amiga	8.40	3.05	4.10	5.68	6.64	6.71
ampliación	6.39	3.95	2.70	2.30	3.68	5.05
amplitud	6.42	3.86	3.25	2.23	3.55	5.55
análisis	4.14	6.15	2.85	3.25	4.82	6.45
analista	5.07	4.74	3.27	2.29	2.24	4.27
analogía	5.00	3.75	2.41	1.90	1.64	3.75
anfitrión	6.79	5.95	5.55	4.19	4.20	4.71
angustia	1.86	7.60	3.27	2.59	4.79	5.26
anillo	6.55	4.85	6.14	6.85	6.05	6.38
ánimo	7.14	5.59	2.73	1.91	4.18	6.00
anorak	4.70	4.30	5.90	6.57	5.09	5.10
antecedente	4.10	5.55	3.61	2.26	3.05	4.50
anticuario	4.18	3.00	5.77	5.09	3.50	3.20
antorcha	5.30	3.95	6.70	6.70	5.17	4.48
antropólogo	4.95	3.75	6.18	4.30	2.17	3.41
añoranza	2.35	4.95	3.00	1.82	5.14	4.18
aparato	4.68	3.85	2.25	4.00	4.36	6.05
apariencia	4.55	4.73	3.27	2.18	4.36	5.10
apartamento	6.32	3.65	6.18	6.55	6.23	6.05
aperitivo	6.86	5.60	5.09	5.59	5.71	6.27
aplauso	7.57	5.91	5.40	6.50	6.27	6.30
aprecio	7.91	3.65	3.10	3.33	5.77	6.05
aptitud	7.40	5.18	2.75	1.68	3.83	5.09
apuros	2.70	6.23	3.91	2.57	3.82	4.90
araña	3.40	7.27	6.55	6.85	6.10	5.50
árbitro	5.00	5.80	5.14	6.65	6.26	5.86
argumento	5.59	4.25	3.05	2.33	4.91	5.78
armario	4.95	4.00	6.50	6.90	6.18	7.00
armonía	7.87	3.20	2.45	2.09	4.09	4.83
arrebatar	2.64	7.65	3.67	2.27	3.45	3.76
arroyo	4.74	4.05	5.86	5.73	3.77	4.32
arroz	5.14	3.77	6.41	6.85	6.09	6.91
artefacto	3.86	6.20	2.86	2.73	2.68	3.81
artesana	6.07	3.65	4.50	3.76	3.76	4.82
artículo	4.90	3.86	2.73	4.85	5.18	6.30
asalariada	5.89	4.91	3.95	2.48	2.38	4.20
ascender	6.77	5.80	5.00	3.45	4.33	5.48
asesina	1.45	7.82	6.39	5.61	2.71	5.41
asesinar	1.19	7.95	5.96	5.30	4.91	5.57
asesinato	1.35	8.14	5.52	5.87	4.96	5.76
asesino	1.62	7.43	4.75	5.05	5.18	5.91
asesor	5.71	4.22	4.09	2.81	2.81	4.85
asesora	5.38	4.85	4.67	2.45	3.50	4.91
asfalto	4.60	3.14	6.40	6.27	4.87	5.75
asilo	3.39	4.43	5.55	5.57	4.71	4.50
asistenta	4.73	3.75	4.71	4.30	4.23	4.90
asqueroso	3.00	6.35	4.50	4.60	4.85	5.90
asunto	5.13	4.05	1.67	1.59	3.36	6.09
asustado	2.70	6.10	5.43	5.04	5.39	5.83
ataque	3.04	7.19	3.41	4.05	4.50	5.82
ataúd	1.91	6.71	6.65	6.60	5.60	4.50
atentado	1.68	8.20	4.86	4.59	5.71	5.50
aterrorizado	2.32	7.19	5.26	4.91	5.41	4.87
átomo	4.95	4.09	4.95	2.68	2.55	5.18
atracción	7.18	7.60	2.77	3.73	5.79	6.40
atraco	1.45	7.50	5.65	5.13	5.30	5.35
atraer	7.05	6.75	3.19	3.90	4.64	5.82
atrevido	6.27	6.09	5.17	3.57	5.77	5.82
atrocidad	2.15	6.33	3.83	2.35	2.95	3.59
aumento	6.26	5.18	3.55	3.10	4.77	5.20
ausencia	2.33	4.59	2.95	2.45	4.80	5.32
autobús	4.71	4.91	6.77	6.80	6.27	6.40
autoridad	5.00	6.86	4.32	4.29	5.17	5.35
auxilio	3.05	7.90	3.65	3.36	4.91	4.67
avance	7.15	4.82	2.73	2.50	3.78	5.52
avión	5.14	6.50	6.70	6.85	6.40	6.50
avispa	3.05	6.60	6.57	7.00	5.82	5.59
ayuda	6.58	5.86	3.20	3.10	4.90	6.60
ayudar	7.68	4.90	2.95	3.20	5.71	6.55
ayuntamiento	4.83	3.18	6.05	6.05	6.18	5.57
azafata	5.75	5.40	4.71	6.74	5.77	5.27
azar	5.15	4.55	2.50	2.19	4.45	5.90
azulejo	5.10	3.76	5.52	5.91	2.91	4.95
bacteria	3.00	5.19	5.05	4.09	3.90	4.95
bailarín	6.55	5.45	6.45	6.29	5.23	5.62
bailarina	6.61	4.26	5.36	6.48	5.95	6.00
balanza	5.25	3.86	6.05	6.82	5.95	5.10
balcón	5.57	3.50	6.25	6.81	6.05	6.55
balneario	7.33	3.67	6.27	6.55	6.55	5.41
baloncesto	6.09	4.85	6.20	6.65	5.73	5.25
banco	4.64	5.00	5.05	6.73	6.25	6.67
banda	5.45	4.65	3.90	5.25	4.70	5.59
bandeja	4.81	3.85	5.67	6.75	5.00	6.65
banquete	7.29	4.90	5.10	6.10	5.95	5.40
bañador	6.18	3.52	5.55	7.00	5.90	6.24
baño	6.25	3.64	5.59	6.68	6.65	6.86
baranda	5.00	3.55	5.00	5.09	3.83	3.65
barbaridad	3.48	6.73	2.45	2.09	4.05	4.71
barco	5.86	3.77	6.18	6.86	6.25	6.14
barra	4.91	4.45	4.36	6.19	5.60	5.90
barranco	3.82	6.05	6.32	6.75	5.27	5.38
bastón	4.60	4.14	6.67	6.87	5.50	5.55
bata	5.35	3.75	6.10	6.38	6.32	5.68
bautizo	5.75	4.48	5.91	5.23	6.45	5.05
bendición	6.35	3.68	3.00	2.00	4.00	4.52
beneficio	7.26	5.50	2.65	2.91	3.91	5.10
beso	8.14	5.86	5.75	6.71	6.55	6.67
bestia	3.45	6.25	4.18	5.52	4.75	5.33
bienestar	8.30	3.75	2.50	3.05	4.55	5.85
bikini	6.81	5.00	4.76	6.90	6.50	6.73
billetera	5.35	4.75	6.19	6.60	4.91	5.24
blusa	5.35	4.35	6.50	6.67	6.05	5.50
bodega	5.70	4.05	5.71	6.14	5.36	4.76
bofetada	2.86	6.95	6.50	6.10	6.00	6.09
bolsa	5.00	3.55	5.38	6.73	6.25	6.55
bolsillo	5.50	4.25	6.14	6.75	5.64	6.62
bolso	5.35	3.80	5.48	6.85	6.09	6.70
bombardeo	2.09	7.50	4.86	6.05	4.41	4.57
bombero	5.18	5.14	6.75	6.80	6.45	5.65
bombilla	4.96	3.50	6.65	6.91	6.09	6.48
bondad	7.23	3.70	3.30	2.05	4.88	6.35
borde	3.86	4.68	3.25	4.91	5.05	6.20
borracho	3.30	6.40	6.09	6.26	6.64	6.68
bota	5.00	4.00	5.41	6.91	5.85	6.15
bote	4.71	3.95	4.77	6.48	5.35	5.82
botella	5.65	4.05	6.09	7.00	6.45	6.75
botín	5.85	5.23	4.95	5.50	3.90	5.00
brazo	4.80	3.40	6.36	7.00	6.32	6.86
brevedad	4.55	3.55	3.78	2.61	4.35	5.33
brillante	7.15	6.15	2.90	4.30	4.55	5.68
brutalidad	2.79	8.05	4.22	3.61	3.35	4.48
bufanda	5.39	3.05	6.52	6.90	5.91	6.64
bulto	3.82	5.61	3.14	4.71	2.57	5.18
burro	4.85	4.67	5.64	6.70	5.70	5.70
butaca	5.91	2.95	6.40	6.76	5.75	6.00
buzón	4.77	3.75	5.52	6.85	5.45	6.32
cabello	6.15	4.10	6.32	6.59	6.35	6.15
cachondeo	5.64	7.45	3.71	3.85	5.63	6.18
cadáver	1.68	7.09	6.14	6.50	5.45	5.05
caer	3.00	6.27	4.91	5.14	5.91	6.33
caja	4.85	3.55	4.19	6.60	5.50	6.68
cálculo	4.35	4.86	3.19	4.18	4.55	5.33
calefacción	6.57	2.50	5.57	5.95	6.59	6.75
calidad	6.83	4.15	2.50	2.90	4.55	5.75
callado	4.05	3.80	5.91	5.09	5.36	6.38
calvario	2.13	6.27	2.73	2.50	3.59	4.14
cama	6.86	2.55	6.77	7.00	6.75	6.95
camarera	5.50	4.87	6.09	6.19	5.71	6.48
cambio	5.27	6.10	3.09	2.09	5.32	6.38
camión	5.05	5.05	6.38	6.86	6.09	6.24
camiseta	5.48	4.35	6.60	6.86	6.45	6.64
camisón	5.38	3.45	6.14	6.60	5.00	4.85
campamento	7.05	4.65	5.48	5.41	5.18	5.50
campaña	4.80	4.15	3.15	3.65	5.25	4.90
campeona	8.30	7.09	5.04	6.04	4.67	5.60
campeonato	5.67	6.90	4.50	5.35	6.10	5.55
campesino	5.05	3.75	6.19	6.75	4.83	4.65
canal	4.76	3.27	3.59	4.22	6.15	5.90
cáncer	1.09	7.60	5.23	3.09	5.15	5.81
canción	7.55	4.64	5.10	3.90	6.41	6.90
candado	3.86	4.30	6.67	6.77	4.96	5.50
candidata	5.64	4.43	3.64	2.76	3.67	5.45
candidato	5.00	4.75	3.19	3.68	4.55	5.59
cansancio	2.80	4.45	3.80	3.95	5.39	6.65
cantidad	5.38	4.73	2.05	2.80	3.59	6.55
caña	5.14	4.45	5.20	6.24	6.00	5.86
cañón	2.95	5.80	6.35	6.55	4.50	5.14
capa	5.19	3.95	5.85	6.41	5.05	5.45
capacidad	7.13	4.73	2.65	2.00	2.82	6.25
capilla	3.91	4.05	5.90	5.86	5.09	4.50
capital	5.33	4.50	4.00	4.96	5.10	6.39
capitán	5.22	3.95	5.71	5.57	4.82	5.65
capricho	5.48	5.55	2.95	2.14	4.05	5.60
carcajada	8.33	4.81	5.55	6.15	6.17	6.00
carcelero	3.39	5.30	5.00	4.05	4.00	4.19
cardenal	3.81	4.85	5.18	4.86	3.55	3.90
carga	3.80	4.91	3.74	4.35	4.09	5.19
caricia	8.10	4.15	4.55	5.35	6.20	6.50
caridad	6.50	4.32	3.91	3.13	4.83	5.24
cariño	8.58	4.86	3.50	4.19	5.55	6.82
cariñoso	7.35	4.48	4.30	4.15	5.65	6.68
carmín	5.67	4.25	5.65	5.14	3.55	4.55
carnicería	4.15	5.60	6.22	6.78	6.05	5.95
carpeta	5.17	3.90	6.05	6.77	6.64	6.62
cartel	5.25	3.65	4.41	6.38	4.67	6.10
carterista	2.23	6.65	5.81	4.50	5.00	5.04
casaca	5.08	3.85	5.48	4.70	2.09	2.38
casco	5.00	3.50	6.00	6.43	5.80	6.05
caseta	4.90	4.15	4.10	5.95	4.68	5.60
casino	4.95	5.14	6.05	5.95	5.00	4.76
castidad	2.41	4.45	5.45	2.85	2.83	3.80
castillo	6.09	4.15	6.15	6.81	5.36	6.00
casualidad	6.48	5.10	2.60	1.77	4.73	5.85
catálogo	5.59	4.10	4.82	5.45	5.00	5.41
cateto	3.86	4.65	4.27	3.00	3.55	4.73
caudal	4.81	4.18	4.68	4.43	3.65	4.45
cazadora	5.36	3.78	4.82	6.38	5.43	6.65
cebolla	3.61	3.59	6.75	6.95	6.18	6.87
celador	4.60	5.35	5.33	4.52	4.14	4.27
celadora	4.80	5.20	5.52	4.55	3.41	3.48
celda	2.65	5.75	5.71	6.23	5.23	4.82
celo	4.75	5.00	4.00	5.33	5.00	5.40
celos	2.55	7.15	4.87	4.13	5.27	6.00
célula	5.20	4.27	5.36	4.86	2.91	5.27
cementerio	2.08	5.52	6.35	6.78	6.45	5.81
cemento	5.00	4.00	6.81	6.17	5.60	5.50
cenicero	4.39	4.05	6.70	6.91	5.77	5.75
ceniza	3.50	4.71	6.57	6.32	4.36	5.38
centímetro	4.83	3.10	5.90	4.05	3.90	6.00
centuria	4.60	4.10	4.83	2.78	1.23	2.57
cepillo	5.24	3.91	5.91	6.65	6.00	6.35
cerdo	4.15	4.70	5.86	6.77	5.45	5.85
certeza	6.65	3.85	3.25	1.90	2.45	5.25
cerveza	6.05	4.86	6.57	6.95	5.91	6.33
cesta	5.18	3.30	5.90	6.59	5.64	5.90
chaleco	5.13	3.95	6.70	6.87	5.32	6.22
chalet	6.96	4.70	6.35	6.70	5.59	6.09
champán	6.45	5.30	6.59	6.82	6.04	5.71
champiñón	5.43	3.95	6.65	6.90	5.91	5.55
chándal	4.75	3.65	5.62	6.91	6.23	6.40
chantajista	2.00	6.65	5.48	2.96	2.68	5.18
charca	5.00	3.50	6.00	6.05	4.36	4.95
cheque	7.65	7.00	5.73	6.70	5.83	5.20
chico	5.50	4.25	5.00	6.77	5.55	6.62
chillido	3.00	7.25	5.38	3.64	5.59	5.05
china	5.32	4.10	6.14	5.95	5.35	5.90
chocolate	7.19	5.75	6.40	6.80	6.50	6.95
chófer	5.20	3.25	6.55	6.41	5.50	4.90
chorizo	4.55	4.45	5.80	6.77	6.15	6.18
ciclo	5.20	4.32	2.77	3.52	4.00	5.05
ciclón	3.14	6.29	5.50	5.20	4.45	4.05
ciempiés	4.43	4.77	6.65	6.68	3.85	5.43
científica	7.25	4.75	4.38	5.41	5.50	6.00
cigarrillo	3.36	4.55	6.95	6.90	6.09	6.24
cinturón	4.65	3.65	5.90	6.90	6.05	6.74
circulación	5.00	4.91	3.71	4.18	5.73	5.10
círculo	5.40	3.18	6.27	6.95	4.73	5.95
cirujano	5.71	6.62	6.41	6.65	5.90	5.27
cisne	6.95	2.45	6.59	6.68	5.57	4.90
civilización	6.25	4.05	5.09	4.78	5.04	5.25
claridad	6.70	2.95	2.77	2.65	3.32	5.62
clase	5.41	4.41	4.55	6.20	6.14	6.81
cliente	5.82	4.75	4.75	5.38	5.82	6.48
clima	5.90	3.40	2.90	4.15	5.35	6.17
cobarde	2.91	5.73	4.77	2.90	4.68	5.35
cocaína	2.25	5.33	6.82	5.86	5.90	5.09
coche	5.82	5.65	6.14	6.91	6.65	6.86
coco	5.73	3.59	5.90	6.71	5.50	5.73
cocodrilo	3.85	6.85	6.95	6.75	5.00	5.68
codicia	2.74	6.05	2.85	2.45	2.14	3.95
código	4.71	3.90	3.75	4.81	5.00	5.68
codo	4.64	3.62	6.45	6.96	4.77	6.62
coito	7.43	7.86	5.95	5.60	5.64	5.38
cojo	3.31	5.00	5.19	5.50	4.45	5.90
cola	4.07	4.70	3.00	5.62	4.76	6.09
colaboración	7.45	4.91	3.26	3.70	4.83	5.77
colapso	3.25	6.43	3.45	3.09	4.95	4.64
cólera	3.05	7.00	4.05	2.67	3.68	4.38
colonia	6.43	4.41	4.95	6.20	5.90	6.59
columna	4.91	3.60	5.10	6.77	5.15	6.29
coma	2.81	3.95	3.90	5.86	5.10	6.24
comadrona	7.00	5.45	6.74	5.87	4.64	3.10
combinación	5.45	3.70	3.09	1.77	3.68	4.68
comedor	5.73	4.45	5.81	6.05	5.80	6.59
comentario	5.21	4.86	3.80	3.40	4.90	6.45
comercio	5.40	4.77	3.73	5.50	6.10	5.86
cometa	6.26	3.30	5.40	6.19	6.18	5.15
comodidad	7.36	1.60	2.80	3.35	5.77	6.50
compasión	4.30	4.23	2.25	2.48	4.41	6.10
complacer	7.27	4.60	3.64	2.48	5.04	5.81
complejo	3.91	5.45	2.76	2.86	3.30	5.60
complicación	2.25	7.59	2.40	1.77	4.83	5.68
compositora	6.31	4.00	5.62	3.25	4.32	5.00
compromiso	6.39	6.14	3.52	3.38	5.64	5.76
comunicación	7.25	4.09	3.17	4.61	5.70	6.32
comunidad	6.59	4.00	3.67	3.27	5.32	5.14
concesionario	5.54	4.25	6.10	6.60	5.14	5.27
conciencia	6.65	4.80	3.05	1.62	3.55	6.14
concurso	5.95	6.00	3.38	4.95	5.27	5.75
condena	2.48	6.23	3.45	3.20	5.05	4.15
condenado	1.92	6.75	4.71	4.25	4.05	4.38
condesa	4.70	4.45	5.43	4.68	3.27	3.91
condición	4.79	5.43	2.27	1.45	3.05	5.95
condón	6.60	5.64	6.82	6.81	6.48	6.43
conducto	4.80	4.14	4.52	5.70	3.95	4.05
conductor	5.29	4.96	4.14	5.43	6.19	6.65
conferencia	5.30	3.59	4.80	5.20	5.55	5.30
conflicto	2.27	7.65	2.95	3.76	5.04	5.73
conjunto	5.32	4.65	2.15	2.55	3.33	5.65
conjuro	4.91	5.20	3.70	3.05	4.04	3.76
conquista	6.14	6.05	3.95	3.05	5.00	5.55
consejo	5.85	4.05	3.95	2.14	4.60	6.62
consolador	5.73	6.10	4.86	6.25	4.77	4.95
conspiración	3.41	5.65	3.50	2.65	2.50	4.23
contaminación	1.90	6.55	4.30	5.70	5.78	6.30
contenido	5.14	3.95	3.50	2.09	3.50	5.70
contexto	5.23	4.32	2.59	2.30	3.14	5.75
contrariedad	3.27	6.05	2.50	1.77	3.42	4.45
contrincante	3.95	6.70	5.61	2.45	3.86	4.76
convivir	6.95	5.05	4.39	4.65	5.52	6.19
copa	5.70	4.36	6.00	6.65	6.75	6.45
coral	5.71	3.95	5.09	5.82	5.15	4.80
corazón	7.05	5.50	5.41	6.55	6.25	6.75
corbata	4.96	4.40	6.68	6.91	6.55	5.91
corcho	5.05	3.73	6.30	6.14	5.23	5.67
cordero	5.24	4.05	6.41	6.55	5.14	5.95
corrección	4.86	5.14	3.29	2.77	4.68	5.87
corredor	4.82	4.91	4.86	6.14	4.10	4.90
corredora	5.46	4.48	4.32	5.10	4.10	5.48
corte	3.14	6.55	3.81	4.91	5.40	6.35
corteza	4.62	3.82	4.27	5.14	4.50	6.09
costo	4.48	4.59	3.19	2.68	3.45	4.78
costumbre	5.10	3.27	3.09	2.00	4.59	6.00
cráneo	4.95	5.25	6.60	5.95	5.41	5.77
creación	7.00	6.15	1.82	2.62	4.75	4.76
creatividad	8.14	5.95	3.00	2.10	5.50	5.52
crecimiento	7.26	5.55	3.45	3.13	5.41	6.55
creencia	5.50	4.15	3.05	2.20	4.00	5.25
crisis	1.76	7.43	3.45	3.95	5.40	6.45
cristal	5.00	4.04	4.05	6.48	4.90	6.10
criterio	6.39	4.73	1.90	1.41	3.00	6.30
crucero	7.38	5.05	5.65	5.91	6.60	5.91
crucifijo	3.50	5.14	6.41	6.19	4.70	5.05
crucifixión	2.18	6.95	3.90	5.50	3.55	3.14
crueldad	1.14	7.50	3.75	2.65	3.78	5.50
cruz	3.85	4.00	5.75	6.70	5.04	5.81
cuaderno	5.14	4.25	6.14	6.81	5.50	6.32
cuadrado	4.90	3.45	5.59	6.70	4.95	6.27
cuadro	5.45	3.68	5.55	6.80	5.40	6.32
cuarto	5.12	3.60	4.10	4.85	5.18	6.68
cubo	4.90	3.36	5.64	6.75	5.50	6.18
cuchillo	4.30	5.75	6.73	6.86	6.23	6.83
cuenco	4.78	3.65	5.73	6.74	5.27	5.27
cuervo	4.19	5.14	6.65	6.65	4.14	5.18
cuestión	5.00	5.00	2.30	2.73	3.33	6.55
cueva	4.78	5.40	6.41	6.68	5.32	5.43
culebra	3.57	6.60	6.30	6.20	3.87	4.40
culpabilidad	1.82	6.20	3.75	2.10	4.39	5.50
culto	6.64	3.60	2.23	3.67	4.60	5.19
cumpleaños	7.80	7.00	5.59	6.00	6.41	6.61
curación	7.55	3.05	3.41	3.25	4.35	5.05
curandera	4.65	5.05	4.71	4.55	4.23	3.59
curandero	5.15	4.40	5.38	3.75	4.05	3.82
curso	5.05	4.95	3.14	3.17	6.35	6.36
dama	5.36	4.29	4.76	5.90	3.95	4.05
década	5.00	4.82	5.65	2.70	3.41	5.90
decadencia	2.25	5.24	2.36	2.48	3.15	4.24
declive	3.67	4.76	2.91	1.83	2.55	3.68
decoro	5.27	3.45	3.78	2.87	3.45	2.76
dedo	4.90	4.27	6.64	6.80	5.91	6.87
defecto	3.43	5.64	3.29	2.36	4.45	6.05
degeneración	2.13	6.05	2.86	2.41	3.00	4.33
degradación	2.63	5.10	3.10	2.45	2.60	5.05
delantal	5.52	3.30	6.60	6.68	5.68	5.67
delirio	3.25	6.29	3.30	2.00	3.15	4.71
dependienta	5.20	4.60	4.38	6.41	6.45	5.86
deportista	6.27	5.75	4.95	5.95	5.86	6.62
depresión	2.20	5.81	2.50	3.68	5.15	6.18
derecha	4.95	4.38	5.14	3.82	4.95	6.73
desafío	5.77	6.95	3.25	2.20	3.83	5.60
desagrado	2.22	7.20	2.55	3.14	3.14	4.80
desahogo	6.23	3.45	3.90	2.33	4.13	4.95
desánimo	1.75	4.05	3.15	2.50	4.70	5.85
desaparecer	2.96	5.68	3.35	3.52	4.73	5.86
desaparición	1.86	7.50	3.35	2.45	5.05	4.81
descenso	3.09	4.95	3.55	3.52	3.79	5.75
desconfianza	2.40	7.27	2.41	1.91	4.00	5.87
desconsuelo	2.21	5.38	2.36	2.95	3.50	4.35
descontento	1.91	5.41	3.57	2.87	4.82	5.00
deseo	7.30	7.05	2.90	2.60	5.36	6.55
desesperado	2.25	6.86	4.78	4.39	5.18	5.73
desgaste	3.25	4.82	3.43	3.59	3.57	5.75
desierto	3.96	3.09	5.38	6.68	6.41	6.05
desigualdad	1.55	5.95	2.35	3.40	4.30	5.25
desolación	1.74	6.45	3.82	3.00	2.95	4.80
desorden	2.91	7.50	4.19	4.68	6.09	6.15
despacho	4.81	4.09	6.38	6.55	5.64	6.15
despilfarro	3.48	6.45	3.10	3.15	4.41	4.86
desprecio	1.55	6.30	3.25	2.90	3.95	5.64
despreocupado	5.55	3.65	3.95	2.67	3.55	5.74
destino	5.83	5.80	2.36	2.43	4.77	5.43
destreza	6.73	3.90	3.20	1.73	4.27	5.30
destrucción	1.55	7.50	3.70	4.55	4.52	5.14
desván	5.09	5.00	6.05	5.57	5.05	5.24
desviación	4.27	4.43	2.82	3.00	3.59	5.09
detergente	5.09	4.20	6.32	5.95	6.18	6.09
deterioro	2.18	5.45	2.70	3.35	4.00	4.27
diablo	3.45	6.18	4.76	6.43	5.25	5.91
diamante	7.25	4.70	5.95	6.64	5.18	5.76
diccionario	5.05	3.65	6.75	6.82	6.09	6.41
diente	5.09	4.00	6.10	6.91	6.20	6.76
dieta	5.50	4.50	4.95	3.65	6.05	6.09
diferencia	4.82	4.40	3.40	2.13	4.77	6.85
dificultad	3.48	6.85	3.20	2.65	4.27	6.32
difunto	2.07	5.57	5.77	5.19	6.15	4.52
difusión	5.27	5.30	2.45	1.59	3.05	4.14
dignidad	7.30	4.95	2.50	2.62	4.27	6.15
dinámica	6.46	5.24	2.32	2.14	4.30	5.32
dinero	6.95	5.27	5.36	6.86	6.30	6.86
diosa	6.58	4.90	3.67	4.20	3.91	4.95
diputada	3.75	5.17	5.82	4.81	5.24	5.15
directora	5.77	5.55	4.71	4.60	5.32	6.26
disco	6.14	6.64	5.27	6.73	6.05	6.36
discusión	2.05	8.20	4.35	4.75	5.77	6.30
diseñadora	5.85	4.40	5.33	3.35	4.91	5.82
diseño	6.09	3.67	1.90	3.41	4.80	5.57
disertación	4.38	5.05	4.43	1.96	1.91	2.40
disgusto	1.74	7.45	3.91	2.45	4.82	5.68
disminución	3.00	3.86	2.95	2.24	3.74	4.68
disminuido	3.32	4.45	2.76	3.62	4.42	4.19
disparate	4.68	5.80	2.75	1.95	3.50	4.77
distorsión	2.77	5.95	2.65	3.05	2.88	4.95
distrito	4.55	4.32	4.30	3.96	3.64	3.64
disturbio	3.05	6.50	4.43	4.00	4.27	4.71
diversión	8.43	7.41	2.75	4.30	5.95	6.10
divinidad	5.79	4.29	1.85	2.52	2.80	3.75
división	4.20	4.18	3.05	4.55	4.55	5.82
divorcio	2.68	6.40	5.19	3.65	4.95	5.71
doctora	5.89	5.39	5.68	6.57	6.05	6.59
documento	4.82	4.50	4.45	6.55	5.50	6.14
dorada	6.14	4.20	4.29	5.55	3.91	4.86
dormitorio	7.30	3.09	6.41	6.87	6.77	6.50
dramatismo	3.95	7.40	3.05	3.20	3.64	5.00
drogadicta	1.27	6.30	5.80	5.57	4.61	5.50
drogadicto	1.70	7.05	5.14	5.55	5.68	4.85
duda	3.10	6.36	3.15	2.43	5.52	6.25
dudar	3.35	5.14	3.91	3.40	4.41	6.33
duelo	2.80	6.41	3.62	4.67	5.20	4.25
dureza	4.17	6.68	2.90	3.30	3.82	6.10
echar	2.83	5.91	2.77	3.50	5.32	6.14
edificio	5.00	4.09	5.52	6.77	6.23	6.68
editora	5.62	4.50	5.38	3.00	3.36	4.57
educadora	6.71	4.30	4.91	4.57	4.57	4.82
efectividad	7.00	4.05	3.20	1.95	3.92	5.70
efecto	5.36	4.65	2.30	1.95	3.00	4.95
egoísmo	2.27	6.90	3.33	2.36	4.55	5.77
ejecutivo	5.29	5.13	5.65	6.05	4.62	4.19
ejemplar	5.91	4.32	2.36	2.33	4.10	5.45
ejemplo	5.45	4.09	2.05	1.82	4.32	6.52
electricidad	5.36	5.30	4.30	4.15	3.64	6.13
elegante	7.95	4.40	4.35	4.95	5.39	6.27
elemento	5.09	4.25	1.55	1.86	3.64	5.83
eliminación	2.59	5.00	3.80	2.75	3.26	5.43
elogio	7.80	6.05	3.14	2.80	4.22	4.81
embajada	4.95	4.73	5.40	4.14	4.00	3.57
embarazada	7.68	5.95	6.76	6.73	6.29	6.10
embarazo	7.20	7.18	5.95	6.85	6.52	6.09
emoción	8.30	8.23	2.50	3.15	6.43	6.55
emperador	4.85	5.05	5.05	5.05	4.18	4.29
emperatriz	5.10	4.75	5.38	4.59	3.50	4.29
empresaria	5.57	4.48	4.18	4.48	4.43	5.35
empresario	5.29	4.80	4.73	4.71	4.62	5.38
enamorado	8.05	6.00	4.10	4.00	6.50	6.35
encaje	5.52	3.80	4.95	5.14	2.95	4.48
encuentro	7.25	5.86	2.65	3.65	5.43	6.35
enemigo	2.57	6.95	5.10	3.40	4.85	5.64
enérgico	6.90	6.18	4.57	4.17	5.14	5.00
enfadado	1.95	6.90	5.04	5.09	5.91	6.48
enfado	2.43	7.35	4.74	4.74	5.77	6.62
enfermedad	1.35	8.35	2.35	3.10	5.77	6.10
enfermero	5.50	5.60	6.00	6.57	6.18	6.25
enfurecido	2.50	7.24	5.26	4.52	4.77	5.19
engañar	1.48	7.64	4.05	2.67	5.00	6.23
enigma	5.27	6.68	2.95	2.65	3.35	4.24
enmienda	4.70	4.00	4.30	1.83	1.77	3.14
enredo	3.33	5.86	3.55	3.71	3.85	5.50
enterrador	1.60	6.40	5.81	5.41	4.68	3.95
entierro	1.35	7.27	6.15	5.95	6.20	5.71
entorno	5.95	5.25	2.90	2.64	4.88	6.20
entusiasmo	7.91	7.35	3.40	2.75	5.09	5.81
episodio	5.71	4.14	3.90	3.05	4.80	6.32
época	5.22	4.65	2.55	2.76	3.82	5.71
erección	6.90	7.41	6.27	6.57	5.96	6.20
erótico	7.48	7.14	5.35	5.43	5.77	6.09
escala	4.75	3.73	2.50	2.91	4.35	5.91
escalera	4.95	4.00	6.29	6.82	6.36	6.60
escaparate	5.86	3.83	4.91	6.67	5.14	6.00
escasez	2.04	6.35	3.55	3.76	3.82	5.55
escena	5.55	4.55	3.45	4.35	5.55	5.70
escenario	6.50	6.38	5.20	6.41	5.90	5.55
escéptico	4.23	4.55	4.00	1.77	2.55	3.91
escorpión	3.35	6.50	6.70	6.78	5.36	5.05
escote	5.71	4.87	5.68	6.52	4.62	6.23
escritora	6.04	3.52	5.68	5.14	5.00	6.09
escuela	6.15	4.90	5.52	6.65	6.32	6.67
escultora	6.39	4.17	5.27	4.14	3.52	4.73
esfuerzo	7.85	5.55	2.40	3.09	5.35	6.15
espanto	2.86	7.45	3.05	2.68	3.41	4.10
espantoso	2.55	6.35	3.83	3.61	5.59	5.24
esperanza	7.70	4.65	2.50	2.30	4.50	5.95
esqueleto	4.38	5.00	5.90	6.62	5.95	5.86
esquina	4.45	4.10	5.59	6.62	4.50	5.81
estado	5.17	4.86	2.35	1.95	3.45	5.55
estallido	3.35	7.45	5.25	3.95	4.73	4.09
estantería	5.00	3.65	5.73	6.81	5.00	6.00
estilista	6.20	4.55	5.38	5.25	4.95	4.55
estilo	6.35	3.82	2.50	3.30	3.96	6.00
estimulación	6.73	6.75	3.30	2.15	4.22	5.86
estímulo	6.09	6.55	3.40	2.50	4.70	5.95
estómago	4.73	4.27	5.95	5.87	5.23	6.57
estrecho	4.48	4.95	3.85	4.60	5.15	5.38
estuche	5.17	3.70	5.67	6.75	6.45	5.90
eternidad	6.70	4.55	2.68	1.90	3.91	4.75
ética	6.95	3.77	3.27	1.90	3.96	4.95
etiqueta	4.81	3.86	4.41	6.20	5.20	6.05
eufórico	7.68	7.20	4.91	4.74	5.55	5.30
evolución	7.09	5.59	2.59	2.73	4.41	5.61
exceso	3.88	6.90	3.09	3.15	4.45	6.00
excitado	7.62	7.82	4.17	4.78	5.95	6.00
exclusión	2.22	6.86	3.05	2.55	4.14	4.23
excursión	7.67	5.81	4.30	5.09	6.80	6.20
exhibición	5.82	6.15	3.80	3.85	4.17	5.55
exigencia	4.38	6.23	3.40	1.77	4.45	5.19
exilio	2.82	5.95	3.76	4.10	3.50	4.55
éxito	8.30	6.70	2.45	3.60	5.41	5.95
explosión	1.59	8.25	5.10	5.45	5.61	5.59
explotación	2.00	7.55	3.60	3.09	4.91	4.67
explotador	1.85	7.15	3.38	2.73	2.95	4.73
éxtasis	6.29	7.55	4.41	3.41	4.25	5.00
extinción	2.33	5.48	3.65	2.32	3.80	5.20
extrañeza	4.18	4.82	3.14	1.86	2.59	4.60
fábrica	4.14	4.50	6.09	6.27	5.23	5.95
facha	3.05	6.81	3.55	4.15	5.00	4.82
facilidad	6.65	4.20	2.45	2.45	3.59	6.25
facultad	5.71	5.68	4.38	5.81	6.15	6.45
falda	6.04	4.17	6.00	6.86	5.81	6.64
falso	2.71	6.14	3.25	2.50	3.75	6.19
famosa	5.60	6.00	4.33	4.90	5.82	5.95
fantasía	7.86	5.70	2.82	2.61	4.14	5.91
farmacéutica	5.75	4.04	5.95	6.48	5.81	5.86
faro	5.60	3.05	6.70	6.86	5.59	4.90
fascinación	7.33	6.95	3.00	2.26	4.15	4.75
fascinante	8.36	6.20	3.20	1.60	3.70	5.50
fatalidad	2.32	6.70	2.35	1.86	2.86	4.68
faz	4.91	3.45	3.10	2.17	2.32	3.35
fealdad	3.14	5.25	3.36	3.81	3.77	3.76
fecha	5.05	4.64	3.91	3.90	6.30	6.70
felicidad	8.83	5.30	2.85	4.00	5.95	6.75
feliz	8.55	5.55	5.00	5.39	6.41	6.77
figura	5.14	3.83	2.50	5.38	4.29	5.00
firma	5.45	3.95	5.48	6.27	5.65	6.05
flamenco	5.86	4.19	4.95	5.85	5.00	4.86
foco	4.86	4.86	4.86	6.00	5.00	4.85
follón	3.67	6.50	3.61	4.61	5.86	5.95
forastero	5.09	4.05	3.85	4.55	4.91	4.61
fortuna	7.09	5.70	2.62	4.40	4.55	4.90
fotógrafa	7.35	3.85	5.57	6.29	6.27	6.14
fotografía	6.50	3.85	5.76	6.30	6.14	6.50
fotógrafo	6.45	4.05	6.59	6.64	6.13	5.95
fracaso	1.61	7.75	3.27	2.48	4.23	5.76
fracción	4.67	3.35	3.15	4.00	3.55	4.14
fragilidad	3.05	4.60	3.40	3.30	4.73	5.85
frialdad	3.33	4.81	2.85	2.30	3.40	5.10
frustración	1.88	5.62	3.80	2.32	4.00	5.50
fruto	6.23	3.15	4.14	5.91	4.95	6.18
fuerte	7.50	6.19	3.73	4.96	5.40	6.71
fuerza	7.63	7.24	2.20	3.41	5.40	6.50
fugitivo	2.85	6.91	4.05	5.14	5.26	4.25
función	5.33	4.05	2.59	2.17	3.45	5.50
furgoneta	5.25	4.35	6.27	7.00	5.38	6.14
furia	3.05	7.09	3.76	3.62	4.64	5.19
fusil	2.59	6.86	6.40	6.30	4.45	5.15
fútbol	5.32	6.00	6.64	6.32	6.17	6.65
futuro	7.40	7.41	2.00	2.61	4.48	6.75
gabardina	5.00	3.30	6.32	6.52	4.00	4.73
galardón	7.75	6.00	4.27	3.14	3.14	4.33
ganado	6.29	4.14	4.65	6.00	5.25	4.50
ganadora	7.50	6.05	4.10	5.24	4.68	6.09
ganar	7.58	7.10	4.14	3.45	6.15	6.52
gangrena	2.40	6.36	5.39	4.26	2.68	3.70
garfio	4.29	4.87	6.00	6.43	3.38	4.04
garganta	4.55	3.95	6.35	6.14	5.09	6.40
garrote	3.15	6.30	5.05	4.32	3.05	3.20
gato	5.76	4.10	6.38	7.00	6.40	6.62
gemido	5.27	7.10	4.50	3.86	5.38	5.77
género	4.90	3.91	2.50	3.81	3.86	5.45
genialidad	8.27	5.70	3.20	2.30	4.04	4.86
genio	6.45	5.20	3.86	4.95	4.55	5.82
gente	6.48	5.41	3.10	6.60	6.20	6.85
gerente	4.73	5.20	5.24	3.50	2.95	4.48
gestión	4.64	4.50	3.50	2.48	3.73	5.25
gimnasio	5.50	6.10	6.20	6.87	5.75	6.77
gimnasta	6.04	4.96	5.59	5.90	5.24	4.82
giro	4.86	4.82	4.30	4.18	4.00	6.45
globo	6.17	3.60	5.77	6.48	6.50	5.57
gobernador	3.45	5.45	6.23	5.71	4.55	5.45
goce	7.10	6.77	3.09	2.77	4.55	4.65
golfista	5.10	4.00	5.48	5.95	4.68	5.30
golfo	4.19	4.70	4.29	4.15	3.45	4.09
gota	5.41	3.29	5.25	6.65	5.85	6.52
gozar	7.77	4.40	3.86	3.40	6.05	4.95
grado	5.39	4.27	3.10	1.91	4.18	5.62
graduada	7.07	6.61	4.36	5.52	4.95	5.95
granjero	5.50	2.95	5.95	6.38	5.19	4.76
grano	3.70	4.77	4.68	6.52	5.20	6.23
grave	2.70	6.82	3.78	3.39	5.18	5.82
grieta	3.00	4.85	6.14	6.85	3.88	4.75
guante	5.15	3.95	6.14	6.86	5.91	6.62
guardería	6.55	4.43	6.20	6.35	5.60	5.33
guardián	5.29	4.91	3.82	4.10	3.29	4.36
guerrero	3.65	6.23	5.70	5.45	4.26	5.55
guión	4.90	4.23	4.24	5.09	5.30	5.00
habilidad	7.26	4.85	3.40	2.65	4.45	6.45
habitación	5.63	3.52	5.76	6.71	6.65	6.91
hábito	5.32	4.00	2.82	3.25	4.27	5.50
hacha	3.91	6.05	6.50	6.55	4.36	5.05
hacienda	3.00	5.80	4.57	2.32	4.64	5.00
hada	6.27	4.20	4.68	5.59	4.50	4.33
hallazgo	6.14	6.70	3.70	2.70	3.00	4.77
hechicero	5.32	5.00	5.18	4.52	3.57	4.59
heno	4.91	3.91	5.55	3.86	1.64	3.41
herido	2.05	6.91	5.04	6.52	5.68	5.43
hermana	7.75	3.60	5.05	5.36	5.91	6.67
heroína	3.85	6.15	5.14	4.23	5.20	5.59
heroísmo	6.41	6.15	3.05	3.25	3.67	3.45
herramienta	5.25	4.40	3.29	5.64	5.09	5.67
hervir	4.52	4.45	5.50	4.86	5.86	6.05
hidalguía	4.90	3.60	4.17	1.57	1.64	1.85
hielo	5.05	4.30	6.50	6.50	5.86	6.64
hierro	4.81	4.77	5.86	5.91	4.82	5.86
hija	7.27	4.70	6.19	4.15	5.73	6.57
hijo	7.05	5.27	6.20	5.85	5.85	6.67
historia	5.95	4.32	2.64	2.14	5.18	6.38
hoguera	5.50	3.70	6.40	6.65	5.77	5.38
hoja	5.05	3.14	5.70	6.62	6.10	6.57
homenaje	7.00	4.50	3.24	3.91	4.14	4.57
homicidio	1.27	7.80	4.65	4.25	4.04	4.73
honradez	7.50	3.50	3.05	1.68	3.92	4.75
horca	2.82	6.39	5.86	5.57	3.33	2.90
hormigueo	5.18	6.70	4.40	3.71	4.79	4.70
hormiguero	4.79	4.81	6.40	5.82	4.45	4.76
hornear	6.09	3.95	5.20	4.24	5.50	4.43
horquilla	4.76	3.14	6.05	6.38	5.36	5.55
horror	2.45	7.20	2.70	3.55	3.86	5.73
hotel	6.82	3.38	6.60	6.76	6.35	6.25
huérfano	1.45	5.74	6.05	4.75	5.39	4.65
huerto	6.74	3.55	6.10	6.57	6.18	5.55
huevo	5.00	3.65	6.57	6.91	5.91	6.81
humanidad	6.67	5.14	3.20	3.38	4.40	5.60
humanismo	7.39	4.50	2.29	1.74	3.45	4.24
humildad	7.60	3.32	2.60	1.64	4.96	5.15
humillación	1.32	7.30	2.59	3.38	4.21	5.09
huracán	2.62	7.27	6.00	6.14	5.73	5.14
hurgar	3.73	4.60	3.59	4.25	3.79	3.95
idealismo	6.00	4.05	2.81	1.45	3.32	3.71
iglesia	4.19	3.67	5.50	6.64	6.09	5.43
ilusión	7.55	5.95	2.30	2.55	5.50	6.55
imagen	6.42	4.10	3.05	4.90	5.20	6.80
imán	5.19	4.10	6.24	6.30	4.41	5.20
impermeable	5.21	3.65	4.59	5.29	5.24	5.86
importación	4.86	4.19	4.17	3.00	3.86	4.33
impotencia	2.27	7.75	3.45	2.67	5.45	5.33
impresionado	5.95	6.10	4.83	3.96	5.27	5.91
impureza	3.46	5.10	3.27	2.50	2.50	3.76
incapacidad	1.88	6.24	3.36	2.55	4.60	5.24
incendio	1.35	7.86	6.32	6.15	5.83	5.86
incentivo	7.00	6.30	3.83	2.87	2.55	4.91
incomodidad	2.95	6.09	3.68	2.59	4.32	6.14
incremento	6.04	5.91	3.40	3.70	4.55	5.20
indecisión	2.95	6.40	3.45	2.76	4.41	5.65
indicio	4.86	5.05	2.40	2.24	2.59	4.33
indio	5.10	3.75	5.52	6.32	5.00	4.75
industria	4.35	4.80	3.73	6.40	5.09	5.67
infanta	4.25	5.00	5.48	5.64	4.50	5.23
inferioridad	2.15	6.23	2.50	2.80	3.70	5.10
infiel	2.00	7.14	5.52	3.74	5.91	5.62
infinito	5.91	4.70	2.41	2.36	2.95	5.67
inflación	3.42	4.33	3.20	1.86	2.85	3.40
información	5.88	5.00	2.40	2.27	5.10	6.55
informática	5.46	4.61	3.95	3.24	4.62	6.05
informe	3.92	5.75	3.48	5.20	4.14	6.55
ingrediente	5.74	2.82	2.43	4.14	6.05	5.95
ingresar	4.05	5.05	3.77	2.50	5.58	6.00
ingreso	5.05	5.40	3.65	2.86	5.50	6.05
inmensidad	6.59	4.40	1.95	2.76	3.50	4.90
innovación	7.38	6.52	3.45	3.05	3.80	5.00
inodoro	4.00	4.26	6.00	6.71	4.33	4.50
inseguridad	2.50	6.38	2.05	2.09	4.80	5.57
inseguro	3.00	5.65	4.00	2.60	3.85	5.70
insomnio	2.65	7.05	5.18	3.18	5.26	5.30
inspiración	6.95	4.75	3.40	2.30	3.75	6.35
instancia	4.45	4.90	2.57	2.13	1.77	4.05
instante	5.18	4.20	2.85	1.30	3.22	5.50
institución	4.57	4.23	2.64	3.70	4.27	4.90
instituto	5.95	5.30	6.35	6.50	6.27	6.45
insulto	2.64	7.90	3.82	3.00	5.59	6.14
intelectual	6.95	4.15	4.60	2.45	4.87	5.05
intensidad	6.87	6.14	3.55	2.20	4.05	5.65
interrupción	3.25	6.09	2.95	2.77	4.96	5.50
intruso	3.15	6.95	4.91	3.55	4.64	4.55
inundación	2.45	6.45	5.70	5.91	5.55	5.77
inválido	2.23	5.50	4.95	6.40	5.83	4.80
invasión	3.00	7.35	3.20	3.25	3.91	4.62
invernadero	5.46	3.38	6.09	6.85	4.50	4.35
investigadora	6.55	4.95	4.52	5.52	5.50	5.30
invitada	6.30	5.20	3.71	4.76	4.55	5.76
inyección	3.59	6.77	5.27	6.30	5.83	5.45
irritación	2.18	7.70	3.48	4.00	4.79	5.14
jabón	6.00	3.14	6.05	6.75	6.45	6.68
jarra	5.22	3.70	6.10	6.64	5.82	6.41
jefe	4.38	5.19	5.50	5.14	5.14	6.32
jerarquía	4.38	4.95	3.65	4.10	3.59	4.25
jeringa	3.05	6.27	6.38	6.80	5.83	5.00
jeringuilla	2.86	6.45	6.70	6.95	5.58	5.74
jersey	5.42	3.35	5.86	7.00	6.36	6.55
jornalera	4.42	4.95	5.38	2.45	3.55	3.15
joya	6.12	4.75	4.43	6.70	5.86	6.26
jubiloso	5.09	5.18	4.52	3.65	2.55	2.67
juez	4.30	5.55	6.38	6.55	5.09	5.43
jugo	5.30	3.86	4.40	4.90	3.90	4.40
juguete	6.69	3.65	3.62	6.10	6.09	6.41
laberinto	4.54	6.19	5.23	6.55	5.90	4.95
laboratorio	4.68	4.10	5.86	6.76	4.41	6.27
labrador	5.41	5.05	5.32	5.59	4.27	4.33
lado	5.30	3.50	3.40	4.50	4.30	6.60
ladrillo	4.65	3.65	6.73	6.73	5.68	5.60
ladrón	2.82	7.23	5.29	5.18	5.95	6.36
ladrona	2.30	6.50	5.14	5.40	5.18	5.36
lágrima	2.35	5.55	6.32	6.76	6.00	6.27
lamento	1.92	5.38	2.36	3.38	4.85	5.30
lámpara	5.00	3.80	6.40	6.81	6.50	6.48
lápiz	5.55	3.95	6.50	7.00	6.68	6.64
lata	5.00	3.95	6.20	6.41	5.73	6.20
latido	6.67	5.60	5.55	4.20	5.15	5.65
látigo	2.70	6.15	6.76	6.61	4.77	4.64
leche	5.95	3.41	6.27	6.91	6.40	6.82
lechera	5.75	3.52	5.41	4.57	4.14	3.33
lechero	5.50	3.26	5.50	4.48	3.86	4.00
legalidad	6.60	4.00	3.68	2.67	3.91	5.29
lejos	2.77	4.10	5.20	4.05	4.65	6.30
lentilla	5.50	4.40	6.05	6.73	6.18	6.33
lento	3.95	3.00	4.70	4.91	5.36	5.95
leopardo	5.40	6.68	6.85	6.85	5.05	5.95
letra	5.27	3.05	5.38	6.45	5.75	6.77
liberación	7.29	4.52	3.64	2.68	3.64	5.43
liberar	7.32	4.45	3.10	2.57	4.88	5.65
libertad	8.45	4.10	2.85	2.95	6.00	6.40
libre	7.80	4.76	2.85	3.25	4.60	6.33
librería	6.61	2.64	6.36	6.30	6.50	6.27
libreta	5.35	3.15	6.41	7.00	6.09	6.86
licenciada	8.31	6.55	4.81	3.75	6.27	5.32
liga	5.27	4.80	3.38	5.35	4.73	5.68
ligar	6.91	5.95	3.82	3.64	6.05	6.52
lima	5.05	4.27	5.32	6.45	4.55	5.48
limón	5.27	4.45	6.82	6.95	5.70	6.45
lince	5.81	4.50	6.52	5.75	3.65	4.76
linterna	5.29	3.50	6.80	6.91	5.95	6.09
lío	3.77	6.60	2.10	2.95	3.88	6.40
lira	5.81	3.55	5.59	4.00	2.65	2.67
liso	5.20	3.50	5.15	4.62	5.64	6.27
lista	4.95	4.23	3.95	6.00	5.40	6.43
litro	5.30	4.09	5.00	5.74	4.73	6.75
llama	5.18	5.35	4.15	5.95	5.25	5.86
llamada	6.29	4.24	4.00	5.05	6.39	6.60
llano	4.71	2.71	5.35	5.57	4.50	4.60
llanto	2.59	6.90	6.14	5.50	6.29	5.64
llave	5.50	3.77	5.64	6.95	5.95	6.91
llovizna	5.14	3.20	5.55	6.05	4.96	5.59
lluvia	6.25	2.82	6.14	6.73	6.50	7.00
lobo	5.86	5.45	6.76	6.80	4.65	5.90
loca	4.00	6.30	3.67	4.10	4.77	6.41
local	4.85	4.50	3.82	5.76	4.85	6.29
loco	4.22	6.91	3.30	4.85	5.55	6.35
locura	5.82	7.20	2.45	3.55	5.82	5.83
logro	7.45	6.27	3.50	3.05	4.45	5.40
lotería	7.62	7.00	5.60	5.50	5.70	5.86
lucha	3.24	6.29	4.67	4.95	5.30	5.57
ludópata	2.15	6.70	5.10	4.91	5.45	5.23
lugar	6.20	3.73	2.36	2.59	5.26	6.77
luna	6.45	2.85	5.90	6.91	5.96	6.45
lunar	5.50	4.00	6.00	6.50	4.73	5.67
maceta	5.35	3.18	6.23	6.81	5.25	6.19
machista	1.39	7.32	4.23	4.24	5.50	5.75
maduración	7.08	5.29	3.00	2.85	4.05	5.40
maestra	6.32	4.83	5.14	6.19	6.24	6.73
maestro	5.59	4.10	5.55	5.95	6.55	5.45
mafioso	3.46	5.55	5.09	5.43	4.43	4.67
mágico	7.38	6.15	2.95	3.80	4.55	6.14
maíz	5.60	3.23	6.41	6.59	5.09	5.52
malabarista	6.14	4.43	5.55	5.38	4.71	5.09
maldad	1.30	7.77	3.52	2.50	4.55	5.90
maldición	1.86	6.85	3.52	2.00	4.00	5.25
maldito	2.09	7.15	3.23	2.75	3.32	5.10
maleficio	2.05	6.32	3.23	2.36	2.78	3.76
maleta	5.30	5.15	5.43	6.86	6.05	6.70
maletero	4.52	4.25	6.40	6.52	6.09	6.36
malo	2.75	5.90	2.60	3.25	4.85	6.59
maltrato	1.68	7.86	4.70	5.48	6.00	5.00
malvado	3.18	7.00	3.80	3.70	3.85	5.55
manejo	4.77	4.18	2.91	2.57	2.36	4.43
manga	5.55	3.73	5.41	6.18	5.10	6.36
mango	5.15	3.23	5.33	6.09	4.25	5.00
maníaco	2.75	7.10	4.39	3.22	4.05	4.64
manicomio	2.09	7.05	6.45	5.50	5.91	5.19
manta	5.95	2.35	5.48	6.95	5.86	6.65
mantel	5.22	4.00	6.55	6.55	6.05	6.61
manto	5.05	2.90	4.30	5.14	2.30	4.65
manual	5.19	3.62	4.45	5.70	5.60	5.91
manuscrito	5.71	3.86	5.62	5.91	3.65	4.91
manzana	5.95	3.40	6.77	6.95	6.40	6.81
maquillaje	5.75	4.74	4.73	6.14	5.71	5.70
máquina	4.80	4.35	3.05	6.26	5.32	6.05
maquinilla	4.59	4.90	5.15	5.62	5.73	5.87
maravilla	7.68	5.65	2.67	2.60	4.40	5.68
marca	5.33	4.10	3.10	4.40	5.40	6.32
marco	4.90	3.36	4.05	6.27	5.10	5.91
margen	4.71	4.10	4.81	5.73	4.05	5.81
marginación	1.38	6.14	3.62	3.40	5.15	4.76
marido	6.04	5.40	5.86	3.90	5.36	6.17
marqués	4.82	3.86	5.23	4.77	2.91	3.57
martillo	4.90	5.50	6.55	6.95	6.27	5.85
martirio	2.19	6.15	2.45	2.00	2.36	3.82
masacre	1.55	7.59	4.50	4.70	5.30	4.67
masaje	8.25	2.57	5.55	6.48	6.30	6.19
masajista	6.89	3.48	5.68	5.38	4.90	4.80
máscara	4.93	5.00	4.09	6.33	4.62	5.85
masturbación	4.78	5.82	5.50	5.50	6.09	5.85
mate	4.91	4.25	4.86	4.30	3.35	4.00
matemático	5.86	3.85	5.70	4.55	5.00	5.57
materia	5.05	4.35	2.55	2.95	2.55	5.48
maternidad	7.96	6.43	5.67	5.52	6.05	4.75
matrimonio	6.61	4.86	5.36	5.05	6.36	6.50
mecánica	4.75	4.60	3.86	3.32	4.73	4.70
mecanismo	4.45	4.30	2.50	3.77	3.04	4.95
mechero	5.30	4.65	6.95	6.95	6.41	6.57
mechón	4.58	4.20	5.71	6.45	5.23	5.70
medalla	7.14	5.65	5.36	6.90	4.57	5.36
media	5.38	3.64	3.95	4.05	4.09	5.75
medusa	3.73	5.73	6.38	6.90	6.43	4.19
melena	6.19	4.00	5.05	6.65	6.14	6.50
mensaje	5.96	5.29	5.14	4.00	6.15	6.52
mensajero	5.39	3.91	5.68	5.50	5.27	5.15
menstruación	2.55	6.36	6.55	6.00	6.26	6.19
mente	5.22	4.80	3.43	3.25	4.14	6.38
mentiroso	1.91	6.57	4.68	2.38	4.83	6.43
mentón	5.09	4.14	6.50	5.86	4.00	4.40
mercado	5.00	5.14	4.14	6.24	5.55	5.90
merienda	6.95	4.10	5.45	5.82	6.18	6.82
mérito	7.46	6.24	3.15	2.50	4.60	6.05
mero	4.95	3.90	4.35	3.60	3.25	2.60
mesa	5.18	3.60	6.35	7.00	6.55	6.91
método	5.00	3.86	2.25	1.50	4.00	5.90
metro	4.67	3.85	4.50	6.65	6.05	5.50
mezquita	4.17	4.60	6.38	6.09	4.73	3.85
micrófono	5.36	5.70	6.55	6.91	5.50	5.80
microscopio	5.00	3.50	6.95	6.83	5.26	5.25
miedo	2.70	6.91	4.14	2.75	5.04	6.00
miedoso	3.10	6.71	4.67	2.80	4.87	5.52
miel	5.76	3.24	6.65	6.68	5.45	6.33
miembro	5.10	4.59	3.68	3.64	4.55	5.33
militar	3.71	5.78	4.55	6.38	5.14	5.35
millonaria	6.93	6.04	4.45	3.95	4.62	4.95
mimo	6.71	3.00	5.52	5.76	4.90	5.10
mina	3.55	5.86	5.29	6.09	4.45	4.82
minifalda	5.75	4.75	6.00	6.48	5.09	5.82
ministra	3.92	5.60	5.43	4.40	4.45	5.48
misil	2.70	7.10	6.23	5.85	4.09	4.48
misterio	5.32	6.60	3.14	1.95	3.91	5.33
mochila	5.35	3.95	6.45	6.86	6.64	6.82
moco	3.77	4.80	6.05	6.60	6.00	6.52
modista	6.04	3.91	5.82	5.33	4.76	3.95
modular	4.85	3.95	2.45	2.00	1.95	3.24
molde	5.25	3.68	3.85	6.24	6.05	5.14
molino	5.00	3.38	6.05	6.68	4.91	5.24
mona	5.90	4.15	5.33	6.50	5.55	5.50
monarquía	3.36	5.05	5.73	3.68	3.95	5.40
monasterio	4.20	3.10	5.62	6.26	4.67	4.05
monitor	5.36	3.95	5.23	6.10	6.20	6.09
monje	4.50	4.14	6.30	5.91	5.14	5.41
montaje	4.96	5.52	3.15	3.45	4.10	4.60
montón	5.18	4.00	2.50	4.00	4.23	6.05
monumento	5.86	4.10	4.45	5.95	5.18	5.70
moño	5.80	3.95	5.33	6.64	5.41	6.05
mora	5.30	4.05	5.43	6.68	5.05	5.86
mordisco	4.45	6.95	5.75	5.90	5.82	6.18
morena	5.85	4.25	4.60	5.57	6.05	6.43
moribundo	1.64	5.60	5.32	5.50	5.17	4.81
motivo	5.48	4.86	2.25	1.61	2.73	6.55
moto	5.31	6.15	6.29	6.85	6.09	6.65
motosierra	3.86	6.55	6.85	6.55	5.25	5.38
móvil	6.62	5.64	6.23	6.57	6.80	7.00
movimiento	5.32	5.50	3.85	4.62	4.75	6.70
muelle	5.45	3.10	5.10	6.09	4.70	5.45
muestra	5.33	4.10	2.32	3.57	4.09	5.50
municipio	4.86	3.65	5.24	4.27	4.73	5.14
muñeca	5.57	3.59	5.52	6.68	5.70	6.33
muñeco	5.48	3.90	4.67	6.75	6.05	5.67
músculo	5.60	4.77	5.48	5.64	5.68	6.59
musculoso	5.86	4.95	5.50	6.38	6.05	5.35
mutilación	1.32	7.60	4.25	3.65	3.61	4.45
mutilado	1.41	7.50	5.23	5.48	3.59	4.23
nacimiento	8.65	5.91	4.15	5.85	6.39	6.35
nación	5.32	5.35	4.05	4.45	4.50	5.10
nadadora	6.25	3.80	6.14	6.48	5.95	5.62
nariz	4.90	3.23	6.45	6.90	6.14	6.86
naufragio	2.00	6.40	5.55	5.52	4.21	4.36
náusea	2.13	6.19	4.77	4.71	5.00	5.00
navaja	2.35	7.41	6.45	6.43	4.70	4.68
navajero	2.85	6.90	5.95	3.65	2.73	3.32
navidad	6.20	5.05	4.80	5.70	6.55	6.30
necesitar	5.00	5.95	2.67	2.10	4.92	6.45
negro	4.95	3.86	6.29	6.67	5.05	6.43
nervio	4.42	7.43	4.05	4.29	4.50	5.65
neurótico	3.59	6.55	4.74	2.70	3.64	5.45
niebla	4.59	4.00	5.73	6.41	4.50	6.09
nieta	6.73	3.60	6.48	3.65	5.23	6.04
niña	6.64	4.00	5.23	6.90	6.43	6.77
niño	7.05	5.30	5.85	6.80	6.50	6.71
nitrógeno	5.04	4.45	4.65	2.91	3.50	4.23
noción	5.41	3.40	2.90	1.20	2.65	4.82
novedad	6.95	6.45	2.65	2.32	5.14	5.65
novio	6.55	6.09	6.14	5.23	6.41	6.64
obispo	3.32	3.90	6.65	5.64	4.09	5.32
objeto	4.95	3.62	1.73	4.00	3.86	6.39
obsesión	2.75	6.36	2.36	2.70	4.30	6.00
olvido	2.35	5.30	2.60	2.40	3.45	5.55
ombligo	5.23	3.10	6.55	6.86	5.50	6.36
opio	3.88	4.05	5.29	3.24	2.65	3.38
oportunidad	7.90	4.82	3.40	3.24	4.59	6.45
oposición	4.43	6.23	3.65	2.78	4.36	5.70
optimismo	7.83	4.60	3.05	2.80	3.91	6.20
oración	4.33	3.45	3.24	3.45	4.64	5.67
orfanato	1.73	6.10	6.10	5.40	5.04	4.52
órgano	4.91	5.60	4.62	5.68	5.00	5.62
orgasmo	8.15	7.36	5.00	4.00	6.14	6.23
otoño	5.19	3.40	4.95	6.19	6.59	6.35
paciente	4.95	4.00	5.10	5.00	5.70	5.81
pacto	5.63	5.43	2.55	3.05	4.90	5.60
página	5.15	3.68	5.71	6.23	5.65	6.68
pala	4.38	3.50	5.19	6.50	4.95	5.18
palma	5.00	3.86	4.55	5.85	5.75	5.67
pamela	5.70	4.35	5.00	6.05	4.05	4.29
panadera	5.93	3.83	5.91	6.38	5.95	5.90
pánico	2.20	7.35	3.05	3.90	5.32	5.14
pantano	5.32	4.70	5.86	5.95	5.59	5.59
pañuelo	4.26	3.95	6.30	6.82	6.14	6.33
papa	7.00	4.50	5.40	6.43	6.05	6.50
papel	5.32	3.73	5.15	6.91	6.55	6.40
paracaídas	6.65	6.86	6.90	6.73	4.91	5.43
paraguas	3.15	5.30	6.29	7.00	6.64	6.50
pared	4.77	3.45	6.32	6.55	6.00	6.52
parque	7.18	3.35	4.55	6.81	6.19	6.76
párrafo	4.80	4.05	5.41	5.75	4.59	6.23
partera	4.85	6.00	4.90	2.64	2.68	2.74
parto	7.39	7.64	5.45	6.05	6.23	4.85
pasado	5.50	5.30	2.60	3.15	5.86	6.14
pase	4.90	3.75	3.10	4.83	4.05	4.85
pasillo	4.70	3.77	5.70	6.32	4.36	6.10
pasión	7.96	6.70	2.95	4.05	5.86	6.55
pasividad	3.80	3.27	2.85	2.22	3.74	5.00
pasta	5.95	4.82	3.70	6.59	6.30	6.90
pastor	5.10	3.36	6.09	6.45	4.80	5.73
pata	4.90	3.30	5.09	6.60	5.30	5.91
patente	5.14	4.27	3.95	1.83	2.86	3.95
patinadora	6.12	4.70	6.19	5.85	5.68	5.05
patrón	4.70	4.18	3.62	3.95	3.80	4.50
patronato	4.80	3.45	4.43	2.87	2.32	2.10
pausa	5.29	2.35	4.14	2.74	4.95	5.55
pausado	4.86	2.68	3.95	2.48	3.36	4.77
pavimento	4.68	3.75	5.00	5.05	3.00	4.30
peca	5.45	3.25	5.29	6.05	5.45	5.14
pecado	4.08	4.81	3.77	2.18	4.00	5.30
pecar	3.27	6.45	4.05	2.04	4.32	5.15
pedazo	4.90	4.05	3.45	4.43	4.09	5.64
pediatra	5.77	3.60	6.48	5.40	5.64	5.05
pedófilo	1.14	8.00	5.50	3.10	3.52	4.05
peinado	6.45	3.75	3.71	6.05	6.23	6.59
peligro	2.50	7.36	2.90	3.33	5.14	6.00
pelota	6.04	4.15	5.91	7.00	6.55	6.38
peluca	4.68	3.87	6.36	6.71	4.62	5.40
peluquera	5.60	4.15	6.29	6.43	6.50	6.48
peluquero	5.55	4.45	6.14	6.52	6.32	6.10
pendiente	5.33	4.45	4.95	6.45	6.20	5.86
pene	5.77	6.60	6.82	6.87	5.95	6.43
penetración	5.95	7.55	4.80	4.82	6.18	6.38
pensión	4.85	4.30	4.10	4.35	3.50	5.68
perdición	2.74	5.91	2.86	2.23	3.95	4.52
pérdida	1.55	7.80	2.40	3.09	5.75	6.25
perdido	2.70	6.29	3.60	2.80	4.80	6.05
perezoso	4.60	2.24	5.17	4.83	5.00	6.33
perfil	5.19	4.50	3.48	4.00	5.50	6.05
periódico	5.61	4.04	5.32	6.90	6.24	6.65
persecución	2.73	7.25	4.05	4.80	4.74	4.35
perversión	2.55	7.95	3.71	2.80	3.67	3.85
pervertido	2.23	6.95	5.04	4.17	4.45	5.55
pesadilla	2.09	7.05	4.38	3.57	5.27	6.18
pesimismo	2.09	7.30	4.36	2.43	3.50	5.64
pesimista	2.23	4.95	4.76	2.55	3.23	5.65
petróleo	3.77	4.75	6.45	5.75	5.09	5.75
picaresca	5.73	5.50	3.45	2.22	2.73	3.64
pie	4.90	3.81	6.27	6.86	6.27	6.55
pieza	4.85	3.86	4.09	4.95	5.05	5.55
pila	4.90	4.27	5.33	6.55	5.15	5.95
piloto	5.35	5.95	5.19	6.20	6.00	5.95
pincel	5.50	3.60	6.19	6.86	5.38	5.33
pinchazo	2.95	6.73	4.83	5.83	5.86	5.91
pino	5.77	2.65	6.09	6.10	5.25	5.62
pinta	5.05	3.68	3.32	3.23	4.65	4.85
pintora	6.55	2.85	5.29	6.18	4.91	5.35
pipa	5.14	3.75	5.41	6.57	4.55	5.70
pirata	4.69	5.90	5.48	6.40	4.86	5.33
pirómano	1.85	7.40	5.86	4.55	4.70	5.09
pista	5.00	4.10	2.90	4.20	4.85	5.52
placer	8.39	6.05	2.85	4.76	6.23	6.55
placidez	6.87	4.32	3.68	2.32	3.23	3.48
plan	5.73	6.00	3.14	2.65	3.83	6.00
plano	4.85	3.23	4.24	4.95	4.50	5.62
plástico	4.45	3.85	4.90	5.65	4.71	6.43
plato	5.55	3.36	5.09	6.96	6.05	6.75
pluma	5.95	2.05	4.81	6.86	5.14	5.30
pobreza	1.48	7.35	3.70	3.64	6.14	6.50
poderío	5.27	6.00	2.36	2.13	3.79	4.35
poetisa	6.12	3.35	6.05	2.75	3.36	4.36
polo	5.27	4.00	4.64	6.10	5.00	5.10
pompa	5.91	4.32	5.14	6.41	4.95	3.65
porción	5.27	3.95	3.29	5.55	4.70	4.32
pornografía	3.48	6.32	4.85	6.29	5.55	5.77
portería	4.90	3.55	5.41	6.52	5.41	5.71
portero	5.09	3.60	5.50	6.41	5.80	6.05
pórtico	5.42	3.50	5.62	5.40	3.27	2.50
posadera	4.95	4.20	4.00	4.18	2.91	2.91
posición	5.20	3.86	2.25	2.09	4.22	6.25
pozo	4.22	5.55	6.45	6.85	5.77	5.48
precipicio	3.14	6.45	5.65	5.90	5.27	4.19
pregón	4.76	3.65	5.13	5.17	4.23	3.57
premio	7.68	6.30	4.23	4.81	5.10	6.27
prensa	4.70	4.18	4.20	6.19	5.75	6.25
preocupación	2.21	7.24	3.75	2.81	4.95	6.75
presa	3.50	5.09	3.91	5.18	4.45	4.52
presentador	5.70	5.20	4.57	6.00	5.86	6.05
presentadora	5.31	4.75	5.14	5.70	6.41	6.23
presente	6.87	5.10	2.95	3.19	4.73	6.35
preservativo	6.17	5.36	6.50	6.82	6.36	5.77
presión	2.85	6.73	3.05	2.48	3.95	5.57
prima	6.31	4.35	4.62	4.25	5.95	6.64
primo	5.86	4.41	5.20	5.90	6.25	6.62
princesa	6.40	4.85	5.48	6.23	5.64	6.04
prioridad	5.36	5.20	2.90	2.20	5.27	6.35
prisión	2.24	6.59	5.95	6.10	5.14	5.30
prisionero	1.95	5.20	5.55	5.95	5.38	5.36
privación	3.52	6.45	2.95	1.59	2.73	4.43
privilegio	6.50	5.24	3.40	2.27	4.15	6.10
probabilidad	5.36	4.73	2.10	1.65	3.91	5.76
proceso	5.65	4.32	2.35	2.38	3.48	5.40
prodigio	6.57	4.59	3.23	2.60	3.45	4.68
producto	5.14	3.85	3.45	4.55	4.86	5.60
profesora	6.10	4.65	5.05	6.52	6.64	6.95
programa	4.92	4.70	2.43	3.70	5.27	6.52
progreso	6.41	4.30	3.15	2.10	3.30	5.57
prohibición	2.71	6.67	3.71	3.23	5.10	5.86
propietario	5.38	4.05	4.14	3.14	4.68	5.95
proporción	4.90	4.10	3.24	2.68	2.73	4.68
propuesta	6.09	4.68	2.95	2.25	4.95	5.25
prosperidad	8.04	4.18	2.15	2.35	3.36	5.75
protegido	7.59	2.45	3.65	1.90	4.13	5.59
provincia	4.95	4.14	4.68	4.50	4.45	6.25
provocación	4.42	7.71	3.05	3.10	4.40	5.82
psicóloga	8.35	4.45	5.38	5.27	6.86	6.59
publicidad	5.35	4.00	4.00	5.71	6.13	6.60
publicista	5.50	5.45	4.81	3.85	3.41	5.65
puente	5.74	4.60	5.71	6.64	5.82	6.35
puerta	5.00	4.41	6.55	6.82	6.59	6.86
puerto	6.30	3.65	5.86	5.90	5.91	6.05
pulsera	5.87	4.15	6.65	6.50	6.18	6.62
puñal	2.36	7.05	6.18	6.70	4.04	4.91
puño	3.20	6.55	6.32	6.40	5.30	5.91
pupila	5.30	4.05	6.55	6.09	5.00	5.43
pureza	6.74	3.40	2.75	2.57	2.82	4.80
purgatorio	3.57	5.23	4.41	2.82	2.82	4.04
puro	4.85	3.55	4.15	4.77	4.35	5.57
queja	3.09	6.36	3.20	2.23	5.55	5.85
quemadura	2.75	7.00	6.22	6.70	5.95	6.05
querida	5.50	4.40	2.57	2.95	3.45	5.10
querido	8.00	5.48	3.29	2.55	4.50	6.55
quiebra	1.91	7.00	3.65	2.80	3.96	4.50
quietud	4.74	2.55	3.10	3.04	3.27	5.15
quimera	4.40	4.09	2.95	2.10	2.23	3.35
quiosco	5.05	4.35	6.62	6.55	5.67	6.43
rana	5.32	3.60	6.60	6.95	5.45	4.95
rapto	2.85	6.68	3.50	4.14	3.86	4.20
rareza	4.27	4.35	2.50	1.90	2.57	5.19
rastro	4.45	4.50	3.32	3.68	4.36	4.75
realeza	4.55	4.10	4.60	4.30	4.74	5.09
realidad	5.57	5.40	2.95	1.82	3.68	6.35
realismo	5.90	5.14	2.70	1.91	3.57	5.64
rebelión	4.83	6.62	3.95	3.86	3.50	5.14
recado	4.90	4.70	3.62	2.45	5.55	5.32
rechazo	1.59	7.30	3.09	2.75	4.59	5.19
recogedor	4.70	3.45	6.25	5.71	5.77	6.17
recorte	2.13	6.18	3.27	3.73	5.86	6.05
recreo	7.60	5.82	4.59	4.14	6.30	5.67
rectángulo	5.04	3.71	6.05	6.86	5.05	6.30
recuerdo	6.43	5.95	2.45	3.27	5.36	6.05
recurso	5.73	3.65	2.10	2.14	3.79	6.05
reflejo	5.45	5.05	3.50	4.40	4.54	6.45
reflexión	5.45	3.85	2.73	2.36	4.59	5.86
refrigerio	4.85	5.18	4.15	3.38	3.82	3.52
refugiada	2.75	5.90	3.52	4.17	4.18	4.05
refugiado	1.73	5.95	4.90	4.25	4.18	4.43
régimen	3.80	4.52	3.04	4.09	4.95	4.90
regresión	4.43	4.36	3.20	2.05	2.36	4.30
rehén	2.05	6.50	5.10	4.10	3.65	4.50
reina	4.62	5.35	6.00	5.75	5.68	5.55
relación	7.27	4.00	1.80	3.57	6.45	6.70
relajación	8.23	1.50	3.86	3.05	6.00	6.05
relámpago	5.41	5.91	5.91	6.55	6.00	5.75
relato	6.13	4.00	4.05	4.30	4.90	4.76
reloj	5.19	3.90	6.65	6.95	6.09	6.73
repisa	5.00	3.86	5.76	5.14	4.14	4.81
réplica	4.90	4.50	4.25	2.95	3.86	5.80
reportera	5.70	5.10	5.14	5.95	5.95	5.86
represión	2.26	6.14	3.41	2.55	3.55	4.38
repulsión	2.26	6.40	4.19	3.33	2.55	4.38
reputación	4.73	5.40	3.10	1.55	3.13	5.85
resaca	3.09	4.27	5.18	3.91	6.27	6.29
rescate	6.32	5.91	4.80	4.20	4.95	4.62
reservado	4.23	3.73	3.90	2.52	5.41	5.76
retórica	5.50	3.95	2.70	1.83	2.73	3.90
retrato	5.93	3.87	5.27	6.14	4.57	5.57
revelación	5.64	6.40	2.09	2.52	4.00	4.73
reverendo	4.10	4.15	5.86	5.81	3.73	3.38
reverente	4.95	4.29	3.35	2.67	1.36	2.20
revés	4.70	4.65	3.00	3.76	3.50	5.14
revivir	7.05	6.10	4.29	3.67	3.08	5.32
revolución	5.52	6.64	3.45	4.57	5.32	5.60
revólver	2.60	6.91	6.45	6.25	4.59	4.86
rey	4.00	5.35	5.75	6.05	4.95	6.23
riego	4.91	4.32	4.74	5.00	4.27	4.68
riesgo	4.96	7.73	2.40	2.35	4.95	5.45
riña	3.05	6.82	4.83	4.96	3.83	4.41
risa	8.62	6.10	5.38	5.70	6.27	6.95
rivalidad	3.95	7.15	3.45	3.05	4.35	5.32
romanticismo	7.27	5.15	3.38	3.90	6.04	5.73
rompecabezas	5.32	6.05	5.10	5.45	4.59	4.45
rotación	5.09	5.75	4.15	3.35	3.65	4.10
rotura	3.08	6.76	3.30	4.86	4.70	4.65
rubio	5.45	4.23	5.40	6.52	4.91	6.10
rueda	4.86	3.81	6.05	6.64	6.27	6.32
rugido	4.52	5.55	4.59	4.45	5.41	5.00
ruido	3.81	6.95	3.77	3.55	5.52	6.76
ruidoso	3.59	6.70	4.91	4.78	5.00	5.86
ruptura	1.48	7.18	3.00	3.35	5.18	5.86
sabiduría	7.39	3.95	3.35	2.18	3.64	5.25
saciedad	4.65	4.00	3.14	3.00	3.27	4.39
sacrificio	4.27	7.55	3.50	3.40	4.43	5.10
sádico	2.45	7.70	4.30	3.85	3.45	4.91
salario	7.85	6.59	5.65	3.65	6.35	6.32
salto	5.20	4.55	4.68	5.41	5.55	6.41
salud	7.09	4.80	2.00	2.55	5.23	6.65
salvaje	4.96	7.43	3.68	4.45	4.70	5.86
sangre	2.95	7.18	6.27	6.25	6.22	6.10
sangriento	2.38	7.36	5.09	4.87	5.23	4.32
sanidad	6.71	5.71	4.14	2.68	5.05	5.91
sección	4.45	4.40	2.55	2.18	2.92	5.23
secretaria	5.43	4.09	5.27	5.52	5.10	6.05
secretario	4.42	3.50	5.33	4.00	5.35	5.38
secuestrador	2.00	7.60	5.86	4.45	4.91	4.52
secuestro	1.64	8.15	4.50	4.45	4.38	5.05
seducción	7.23	7.70	4.10	3.23	5.42	5.00
seguridad	7.41	3.70	2.40	2.85	4.83	6.15
semáforo	4.78	4.14	6.80	6.90	6.27	6.78
senadora	5.35	5.00	5.38	4.59	3.50	4.25
seno	5.46	3.76	5.55	6.04	5.20	5.45
sensualidad	7.05	6.20	2.65	3.95	5.95	5.82
sentimiento	6.95	5.10	2.60	2.09	4.77	6.60
señal	4.80	4.60	4.41	6.83	5.85	6.20
separación	1.59	6.50	3.80	3.75	5.55	5.50
sequía	2.41	5.25	3.91	5.40	4.41	5.27
serenidad	6.18	2.50	3.00	2.71	3.54	4.85
seriedad	4.27	2.80	5.00	2.90	4.65	5.85
serpiente	4.05	6.64	6.55	6.85	5.35	6.00
servilleta	5.04	3.60	6.45	6.90	6.14	6.67
severidad	4.00	5.00	3.36	2.22	3.13	3.67
sierra	5.35	5.05	5.86	6.59	4.82	5.00
siesta	7.41	1.65	5.35	5.50	6.45	6.25
significado	5.52	3.73	3.36	1.70	3.82	6.27
signo	5.13	3.95	2.90	4.09	4.82	5.52
silla	5.18	4.00	6.73	6.82	6.50	6.60
símbolo	5.05	4.36	2.36	4.18	4.52	5.62
simetría	5.46	3.67	4.27	5.19	3.50	4.55
simpático	8.00	5.27	5.00	5.00	6.27	6.48
siniestro	2.18	6.90	3.09	3.59	3.86	4.70
sirena	6.05	5.45	4.77	6.65	5.05	5.36
situación	5.14	4.00	2.05	2.45	5.09	5.90
sociedad	5.55	5.50	3.00	2.59	5.55	6.00
socorro	2.92	7.81	3.70	2.45	5.50	5.27
solar	5.50	3.85	4.48	4.67	4.70	4.91
soldado	3.45	5.73	6.00	6.29	5.00	5.86
solitario	2.65	3.73	2.77	4.36	4.86	5.67
solución	7.86	4.55	3.95	2.30	4.87	6.00
sombra	4.35	4.95	4.27	5.64	4.27	6.36
sombrero	5.40	3.18	6.45	6.86	6.14	5.90
sonido	6.05	5.18	3.57	3.05	5.61	6.24
sonrisa	8.91	3.75	5.71	6.45	6.73	6.86
soplo	4.85	3.95	4.14	4.10	5.40	5.09
sorprendido	6.00	6.86	5.35	5.09	5.95	5.95
sospecha	3.35	6.50	3.00	2.48	4.96	5.35
suavidad	6.50	3.10	3.00	4.38	5.75	6.00
subida	5.09	6.75	4.50	5.70	5.13	5.78
suceso	5.39	5.55	1.80	2.86	3.86	6.10
sucio	2.33	5.73	4.50	5.50	5.45	6.05
sudor	3.96	5.18	6.18	5.81	6.09	6.50
suerte	8.09	4.65	2.15	2.23	4.95	6.55
sufrimiento	1.50	7.75	2.55	3.14	4.86	5.57
suicidio	1.64	7.95	6.00	4.23	4.91	5.90
sujetador	5.23	5.10	5.95	6.90	6.27	6.77
superación	8.00	6.30	2.64	3.35	4.71	5.55
superioridad	4.18	5.62	3.10	2.90	4.13	5.50
supermercado	5.74	3.68	5.90	6.68	6.59	6.87
suplicio	2.96	6.40	3.29	1.86	2.32	4.09
suspenso	1.45	8.40	4.10	4.32	5.79	6.00
sustancia	4.68	4.45	2.15	3.75	3.71	5.05
sustento	5.48	4.27	3.19	2.14	1.77	4.43
susurro	5.78	4.05	5.38	3.27	6.14	6.00
tabla	5.05	3.45	4.73	6.70	5.10	6.52
taburete	5.05	3.71	6.64	6.76	5.64	5.80
tacaño	2.15	5.45	4.86	3.30	3.32	5.27
talla	4.68	4.59	3.55	3.90	5.85	6.23
talle	4.80	3.50	4.39	3.09	1.95	2.86
talón	5.10	3.67	6.05	6.55	6.25	5.80
tamaño	5.13	4.86	2.50	2.83	5.27	6.40
tambor	5.75	4.87	5.77	7.00	5.05	5.29
tanatorio	1.05	6.55	6.48	6.05	6.13	4.50
tanga	5.55	5.35	6.33	6.67	5.50	6.45
tanque	2.77	6.50	5.90	6.55	5.10	4.52
tarántula	3.32	7.19	6.73	6.45	5.30	4.00
tatuaje	5.82	5.75	5.59	6.95	6.30	5.95
taza	5.43	3.60	6.23	7.00	6.27	6.70
teja	4.86	3.35	5.70	6.48	3.91	5.23
tela	4.95	3.10	5.29	6.23	5.15	6.00
teléfono	5.96	4.35	5.91	7.00	6.77	6.91
telescopio	5.46	3.71	6.76	6.67	6.30	5.29
temor	2.86	6.95	3.15	2.77	3.91	5.75
tenedor	4.90	4.05	6.90	6.91	6.32	6.65
tensión	3.13	7.29	2.45	2.00	4.30	6.45
tenso	3.55	5.95	4.87	4.43	4.68	6.00
tentación	6.00	7.75	2.95	3.19	5.88	6.35
tenue	4.32	3.20	4.10	2.57	3.27	4.19
teoría	5.14	4.50	3.55	2.48	4.59	6.35
ternura	8.35	4.36	3.20	3.32	5.78	6.40
terremoto	1.75	7.33	5.41	4.85	5.48	4.80
terrorismo	1.14	7.90	3.80	3.85	5.26	5.15
testamento	3.20	5.55	6.00	4.45	4.74	4.81
tiburón	4.00	6.80	6.85	6.75	5.65	6.09
tieso	4.55	5.15	4.48	4.70	3.55	4.48
tijeras	4.90	5.29	6.76	6.91	6.23	6.62
tímido	3.62	3.68	4.60	3.10	5.59	6.33
tinta	4.76	4.27	5.55	6.39	5.90	5.85
tío	6.57	4.39	4.41	5.19	5.05	6.90
titular	5.60	3.95	3.77	4.00	5.25	5.67
tobillo	4.85	3.70	6.90	6.86	5.86	6.10
tobogán	6.68	5.95	6.65	6.80	6.05	5.35
tolerancia	7.52	4.14	1.95	1.77	4.09	5.61
tomate	5.14	4.50	6.76	7.00	6.00	6.57
tonada	4.86	4.00	4.45	1.81	1.32	1.65
tormenta	4.40	5.95	5.48	6.30	6.48	6.48
tormento	2.65	6.35	2.95	1.95	3.18	4.59
tornado	2.73	7.33	6.39	6.22	5.00	4.52
toro	4.29	6.75	6.60	6.76	6.36	5.64
torturador	1.33	7.95	6.09	4.30	3.83	4.00
tóxico	2.62	6.95	4.30	3.80	5.00	5.32
tractor	4.86	4.09	6.77	7.00	4.48	6.13
traficante	2.00	6.00	5.62	3.60	5.57	5.05
tragedia	1.59	6.64	2.25	4.67	4.59	5.90
traición	1.41	7.65	3.80	2.40	4.17	5.38
traidor	2.35	7.68	4.55	3.30	4.41	5.15
trámite	4.27	5.35	3.15	2.91	4.59	6.25
trampa	2.58	5.70	4.33	3.65	3.27	5.65
tramposo	2.60	6.15	4.43	3.35	3.91	5.81
trance	4.55	4.27	2.43	2.60	2.14	2.90
tránsito	3.76	6.77	3.60	3.35	5.09	6.15
tranvía	4.67	5.05	6.36	6.52	5.73	4.52
trapecista	5.73	5.95	6.38	4.80	4.73	4.50
trascendencia	5.45	4.90	2.86	1.32	1.73	4.95
trato	5.32	4.90	2.55	2.50	4.50	6.45
travesura	5.59	6.23	4.30	4.17	5.45	5.26
trecho	4.91	4.27	3.05	3.00	2.23	4.05
tregua	4.95	3.90	3.60	1.55	2.91	4.45
triángulo	5.32	4.60	5.60	6.62	3.95	6.09
tripa	3.75	4.50	5.41	5.82	5.40	5.09
tristeza	1.43	6.30	2.30	4.35	5.18	6.30
triunfador	7.91	5.23	3.95	3.45	5.15	5.73
triunfante	7.41	6.55	4.39	4.83	4.50	4.74
triunfo	8.50	6.95	4.60	3.65	5.13	5.73
trofeo	6.90	4.57	5.50	6.35	4.73	6.09
trozo	4.50	3.60	2.85	5.04	4.67	5.45
tuberculosis	1.59	6.60	5.95	2.50	3.21	3.18
túnel	4.57	5.50	5.95	6.52	6.00	5.45
turno	4.82	4.45	3.50	2.57	4.18	6.35
uniforme	4.71	4.43	3.77	6.19	5.67	5.43
utensilio	5.19	3.50	2.60	4.14	4.27	4.78
útero	5.27	5.20	6.70	4.95	4.64	5.67
utopía	5.96	5.00	2.60	2.14	1.85	4.80
vagón	5.14	4.05	6.35	6.68	5.23	6.29
vale	5.24	3.95	3.55	4.52	4.15	6.82
valiente	7.68	5.40	4.40	3.60	4.00	5.75
valle	6.00	2.35	5.40	6.00	4.75	4.82
vándalo	3.05	6.50	4.70	4.60	4.35	3.55
vegetación	7.17	3.50	3.77	6.48	5.68	5.86
vela	4.81	2.68	5.50	7.00	5.80	5.20
velo	4.59	4.35	4.24	6.00	4.68	4.48
vencedora	7.58	6.35	4.29	4.35	3.86	5.50
venda	4.45	4.00	5.80	4.67	5.00	6.14
vendedor	5.00	4.25	5.10	4.85	5.32	6.41
veneración	4.68	4.50	3.30	1.86	2.95	3.05
venganza	2.17	7.10	3.59	2.62	4.09	5.75
ventaja	6.36	4.15	2.90	2.00	3.42	5.45
ventanilla	5.22	3.36	6.23	6.77	6.05	6.05
verbena	7.71	6.24	4.77	5.91	5.75	5.36
verdadero	7.64	4.25	4.10	2.15	4.22	6.00
verdugo	3.57	5.75	5.43	3.10	2.48	3.57
vergüenza	3.32	6.40	3.71	2.82	6.09	6.67
verruga	1.95	5.75	7.00	6.40	5.74	4.55
versión	5.00	4.20	2.35	1.41	3.14	5.20
verso	6.05	4.25	4.27	4.95	5.00	5.38
vértigo	3.32	6.95	4.10	2.95	5.09	4.90
vestíbulo	4.90	4.09	4.95	5.95	4.73	5.00
veterinaria	6.18	4.61	5.91	5.90	5.86	4.80
viajes	7.76	6.32	3.70	5.78	6.36	6.41
vicio	4.09	5.75	2.95	2.41	5.32	5.77
victoria	8.09	5.43	3.95	3.95	5.41	5.95
vidrio	5.10	4.55	5.14	6.41	4.91	5.24
vigía	4.85	4.95	4.19	3.04	2.41	2.71
violación	1.00	7.90	4.10	4.00	4.39	5.64
violador	1.33	7.91	5.32	3.10	4.39	5.14
violencia	1.55	7.82	2.20	4.70	6.00	6.05
violento	2.14	7.29	5.13	4.74	5.27	6.05
vistazo	4.82	4.55	3.55	2.27	4.17	5.27
vitalidad	8.05	5.40	3.30	3.43	4.86	6.10
viuda	1.55	5.70	6.10	4.85	5.36	4.75
viudo	1.86	5.20	5.77	4.23	5.42	4.55
vivir	8.48	6.41	2.41	2.85	5.64	6.29
vivo	7.55	4.80	5.00	4.78	5.23	6.32
volcán	4.17	7.00	6.59	6.59	6.15	3.90
volumen	5.36	5.41	4.05	2.36	5.55	6.36
voluntad	7.57	4.32	2.35	2.23	4.45	5.45
voluptuosidad	5.23	4.95	3.33	2.86	2.55	2.55
zapato	5.91	3.95	5.95	6.71	6.41	6.73
zurra	2.81	5.95	4.13	3.91	3.50	2.77